{
 "cells": [
  {
   "cell_type": "code",
   "execution_count": 1,
   "id": "14c18b4c-c5f4-43fe-bd6f-113349005774",
   "metadata": {},
   "outputs": [],
   "source": [
    "directory = r\"Z:\\QSimMeasurements\\Measurements\\\\8QV1_Triangle_Lattice\\\\qubit_parameters\\\\Dictionary_File\\\\\""
   ]
  },
  {
   "cell_type": "code",
   "execution_count": 2,
   "id": "aa651adc-ed51-497f-8b63-87b3b6e4fa12",
   "metadata": {},
   "outputs": [],
   "source": [
    "from Import_Functions_Transmon import *\n",
    "import matplotlib.pyplot as plt"
   ]
  },
  {
   "cell_type": "code",
   "execution_count": 3,
   "id": "fb9805a9-f4f1-401d-80fe-d919315b9ed4",
   "metadata": {},
   "outputs": [
    {
     "name": "stdout",
     "output_type": "stream",
     "text": [
      "['20250615_222820_8Q_Parameters.pkl', '20250615_223056_8Q_Parameters.pkl', '20250615_223355_8Q_Parameters.pkl', '20250615_224022_8Q_Parameters.pkl', '20250618_155340_8Q_Parameters.pkl', '20250618_155819_8Q_Parameters.pkl', '20250618_160739_8Q_Parameters.pkl', '20250618_161154_8Q_Parameters.pkl', '20250618_161530_8Q_Parameters.pkl', '20250618_161813_8Q_Parameters.pkl', '20250618_162313_8Q_Parameters.pkl', '20250623_103107_8Q_Parameters.pkl', '20250707_091839_8Q_Parameters.pkl', '20250708_092050_8Q_Parameters.pkl', '20250709_081618_8Q_Parameters.pkl', '20250709_090332_8Q_Parameters.pkl', '20250709_155545_8Q_Parameters.pkl', '20250709_161515_8Q_Parameters.pkl', '20250716_100920_8Q_Parameters.pkl', '20250723_222831_8Q_Parameters.pkl']\n"
     ]
    }
   ],
   "source": [
    "import os\n",
    "import pickle\n",
    "\n",
    "files = os.listdir(directory)\n",
    "sorted_files = sorted(files)\n",
    "file_name = sorted_files[-1]  # most recent\n",
    "print(sorted_files)\n",
    "dictionary_everything = read_info(directory + file_name)"
   ]
  },
  {
   "cell_type": "code",
   "execution_count": 10,
   "id": "2b8cc4e4",
   "metadata": {},
   "outputs": [
    {
     "data": {
      "text/plain": [
       "array([ 0.08650627,  0.00421169,  0.18661097, -0.17419282,  0.19496159,\n",
       "       -0.08645642,  0.14282769,  0.02080892, -0.1651734 , -0.19976995,\n",
       "       -0.2343911 , -0.21902371, -0.22059211, -0.06487993])"
      ]
     },
     "execution_count": 10,
     "metadata": {},
     "output_type": "execute_result"
    }
   ],
   "source": [
    "dictionary_everything['crosstalk_offset']"
   ]
  },
  {
   "cell_type": "code",
   "execution_count": null,
   "id": "8f73ca30-94d2-4f35-9fe2-edf4ef210175",
   "metadata": {},
   "outputs": [
    {
     "data": {
      "text/plain": [
       "{'Q1': array([0.08774992, 4.44294982, 2.31088279, 0.04348395, 0.64285525]),\n",
       " 'Q2': array([ 0.06522968,  4.41653009,  2.47157458,  0.00853351, -0.63513068]),\n",
       " 'Q3': array([0.04490064, 4.36638646, 2.33412906, 0.        , 0.62896545]),\n",
       " 'Q4': array([0.07077662, 4.5248054 , 2.5653183 , 0.1       , 0.63417076]),\n",
       " 'Q5': array([0.03938833, 4.47996591, 2.30936685, 0.1       , 0.64701083]),\n",
       " 'Q6': array([0.06293122, 4.46724348, 2.54000876, 0.1       , 0.65220108]),\n",
       " 'Q7': array([-0.00852437,  4.35314014,  2.34998833,  0.0378556 ,  0.63905277]),\n",
       " 'Q8': array([0.03661994, 4.40577597, 2.46466838, 0.        , 0.63326908]),\n",
       " 'C1': array([-0.15874381,  5.92904762,  3.02780768,  0.07811505, -0.07250567]),\n",
       " 'C2': array([-0.18387826,  6.55562755,  3.03517545,  0.49989549,  0.13573256]),\n",
       " 'C3': array([-0.22583344,  5.74450281,  2.9869383 , -0.03791348, -0.0193125 ]),\n",
       " 'C4': array([-0.20411855,  5.72481491,  3.0737693 , -0.08225332,  0.0408963 ]),\n",
       " 'C5': array([-0.18124988,  7.24393748,  2.93383916,  1.10826585,  0.19008377]),\n",
       " 'C6': array([-0.03397927,  5.85019404,  2.99403796, -0.03440435, -0.02307457]),\n",
       " 'crosstalk_matrix': array([[ 4.32735059e-01, -5.25234375e-03,  1.19847639e-02,\n",
       "         -1.28393155e-02,  1.71483003e-02, -1.10357960e-02,\n",
       "          1.41567938e-02, -6.74868088e-03,  1.43848352e-02,\n",
       "         -1.09282293e-02,  1.30520531e-02, -1.01719924e-02,\n",
       "          1.29935753e-02, -7.99347003e-03],\n",
       "        [ 9.26696816e-03,  4.04600375e-01,  1.07250246e-02,\n",
       "         -1.34565671e-02,  1.08036184e-02, -1.49819332e-02,\n",
       "          7.77261131e-03, -1.16710663e-02,  1.15869984e-02,\n",
       "         -1.51127151e-02,  1.01097889e-02, -1.11459697e-02,\n",
       "          8.51698182e-03, -1.07189191e-02],\n",
       "        [-5.22251112e-03, -4.11147722e-03,  4.28425324e-01,\n",
       "         -4.41872401e-03,  7.35697961e-03, -2.95241046e-03,\n",
       "          6.69797219e-03, -1.14790345e-03, -4.80932241e-03,\n",
       "         -3.82140229e-03,  8.77726570e-03, -3.03229472e-03,\n",
       "          5.63256858e-03, -1.92674208e-03],\n",
       "        [ 5.35989662e-03,  4.89614502e-03,  3.73967927e-03,\n",
       "          3.89815175e-01,  3.02977065e-03, -6.90014034e-03,\n",
       "          1.44700891e-03, -6.03241719e-03,  4.64773744e-03,\n",
       "          3.24586566e-03,  3.11523963e-03, -9.50059855e-03,\n",
       "          2.16867025e-03, -4.68736874e-03],\n",
       "        [-5.49352001e-03, -3.77786646e-03, -5.15875623e-03,\n",
       "          1.33410235e-03,  4.33019119e-01,  3.29699182e-03,\n",
       "          1.45384475e-03,  3.53349446e-03, -6.10056458e-03,\n",
       "          6.70843245e-04, -8.61327643e-03,  1.75270253e-03,\n",
       "          3.79037386e-03,  2.45246584e-03],\n",
       "        [ 2.98729173e-03,  3.88898096e-03, -1.59231458e-03,\n",
       "          6.18116982e-03, -3.49211807e-03,  3.93699429e-01,\n",
       "         -4.07448233e-03, -2.08385312e-03, -5.79827524e-04,\n",
       "          5.14336926e-03, -2.49647188e-03,  7.52982872e-03,\n",
       "         -3.19929286e-03, -5.52602853e-03],\n",
       "        [-7.44513596e-03, -3.47977830e-03, -1.16193586e-02,\n",
       "          8.78797439e-03, -1.35947531e-02,  1.06504098e-02,\n",
       "          4.25534028e-01,  9.43932187e-03, -1.26446475e-02,\n",
       "          6.45211211e-03, -1.21713119e-02,  7.98810237e-03,\n",
       "         -1.50051134e-02,  8.24373007e-03],\n",
       "        [ 1.31219329e-03,  4.36156102e-03, -8.95836434e-03,\n",
       "          1.69341779e-02, -1.43793035e-02,  1.67495200e-02,\n",
       "         -1.39842579e-02,  4.05734096e-01, -7.44513875e-03,\n",
       "          1.34889983e-02, -1.11458612e-02,  1.38395303e-02,\n",
       "         -1.22639280e-02,  1.63428692e-02],\n",
       "        [ 4.00344897e-03,  3.20234687e-03, -9.70497400e-03,\n",
       "          7.28558915e-03, -1.02006786e-02,  6.06548200e-03,\n",
       "         -8.80705941e-03,  3.50728307e-03,  3.27394399e-01,\n",
       "          5.78567305e-03, -8.24477344e-03,  5.36976322e-03,\n",
       "         -7.85293300e-03,  4.24414977e-03],\n",
       "        [ 1.24908762e-03,  4.69819942e-03,  5.22123036e-03,\n",
       "         -7.67205378e-03,  5.40476745e-03, -8.52762577e-03,\n",
       "          2.83096571e-03, -7.82171571e-03,  6.73582239e-03,\n",
       "          3.24108240e-01,  5.55307768e-03, -5.54433086e-03,\n",
       "          1.96471554e-03, -5.79081652e-03],\n",
       "        [ 4.25683046e-03,  2.79978278e-03,  3.19024382e-03,\n",
       "          5.33766673e-04, -5.44538879e-03, -3.38532300e-04,\n",
       "         -3.25117178e-03, -1.07196326e-03,  3.56468264e-03,\n",
       "          6.71288376e-04,  3.36333767e-01,  1.16088622e-04,\n",
       "         -2.62227123e-03, -4.60567918e-04],\n",
       "        [ 3.04666600e-03,  3.04465264e-03,  9.12561182e-04,\n",
       "          3.03854358e-03,  5.87908790e-06, -5.34625871e-03,\n",
       "         -5.12468704e-04, -3.12596208e-03,  1.62589526e-03,\n",
       "          2.39259853e-03,  4.88983409e-04,  3.05418117e-01,\n",
       "          3.39518989e-04, -2.45673423e-03],\n",
       "        [ 4.17848479e-03,  1.85098727e-03,  6.59401766e-03,\n",
       "         -1.46460465e-03,  8.80650052e-03, -5.29127939e-03,\n",
       "         -1.82420199e-03, -4.73957411e-03,  6.96648192e-03,\n",
       "         -7.56573156e-05,  8.97273960e-03, -5.81252021e-03,\n",
       "          3.41339450e-01, -6.13848963e-03],\n",
       "        [ 1.39244130e-04,  2.97508391e-03, -4.42528777e-03,\n",
       "          8.99488347e-03, -6.95504405e-03,  9.49966729e-03,\n",
       "         -7.01238001e-03, -9.14938494e-04, -3.76464079e-03,\n",
       "          7.15827555e-03, -5.36022556e-03,  7.93783143e-03,\n",
       "         -6.01755650e-03,  3.36742968e-01]]),\n",
       " 'crosstalk_offset': array([ 0.08650627,  0.00421169,  0.18661097, -0.17419282,  0.19496159,\n",
       "        -0.08645642,  0.14282769,  0.02080892, -0.1651734 , -0.19976995,\n",
       "        -0.2343911 , -0.21902371, -0.22059211, -0.06487993]),\n",
       " 'crosstalk_inverse': array([[ 2.30742000e+00,  2.56384219e-02, -6.86764326e-02,\n",
       "          7.64118977e-02, -9.35825912e-02,  6.90593134e-02,\n",
       "         -7.66930120e-02,  4.48376107e-02, -1.06286480e-01,\n",
       "          7.63628966e-02, -9.30243570e-02,  7.83163668e-02,\n",
       "         -9.05344429e-02,  5.92222131e-02],\n",
       "        [-5.57234064e-02,  2.46561758e+00, -6.19553137e-02,\n",
       "          8.00349770e-02, -5.86648428e-02,  9.36435275e-02,\n",
       "         -4.07979582e-02,  7.57444491e-02, -8.73317398e-02,\n",
       "          1.07153963e-01, -7.20601688e-02,  8.59914352e-02,\n",
       "         -5.82905717e-02,  7.96165728e-02],\n",
       "        [ 2.64597679e-02,  2.24600961e-02,  2.33290037e+00,\n",
       "          2.77130965e-02, -4.14842448e-02,  2.00370845e-02,\n",
       "         -3.73828790e-02,  9.29632524e-03,  3.09739981e-02,\n",
       "          2.83332686e-02, -6.32113541e-02,  2.48406843e-02,\n",
       "         -4.05860084e-02,  1.56236479e-02],\n",
       "        [-3.17315897e-02, -3.25406478e-02, -1.98516735e-02,\n",
       "          2.55946268e+00, -1.39384373e-02,  4.11025445e-02,\n",
       "         -5.11557562e-03,  3.71094401e-02, -3.24878627e-02,\n",
       "         -3.11741191e-02, -1.95165116e-02,  7.36123680e-02,\n",
       "         -1.24751577e-02,  3.29809492e-02],\n",
       "        [ 2.86422547e-02,  2.21739536e-02,  2.65517818e-02,\n",
       "         -5.08170526e-03,  2.30818482e+00, -1.72377923e-02,\n",
       "         -9.55467556e-03, -1.95259422e-02,  4.04634766e-02,\n",
       "         -1.56339650e-03,  5.70956943e-02, -1.07065231e-02,\n",
       "         -2.78474808e-02, -1.54892290e-02],\n",
       "        [-1.55587459e-02, -2.31835532e-02,  1.27024915e-02,\n",
       "         -4.37452967e-02,  2.39709338e-02,  2.53417200e+00,\n",
       "          2.67040290e-02,  9.68716057e-03,  9.31149878e-03,\n",
       "         -4.27604139e-02,  2.29846797e-02, -6.77581002e-02,\n",
       "          2.76182776e-02,  3.78322225e-02],\n",
       "        [ 4.06441821e-02,  2.33241759e-02,  6.16792879e-02,\n",
       "         -4.73871837e-02,  6.91102265e-02, -6.02820771e-02,\n",
       "          2.34689610e+00, -5.54014762e-02,  8.70153224e-02,\n",
       "         -4.00110423e-02,  8.03235428e-02, -5.54100631e-02,\n",
       "          9.89319930e-02, -5.51328392e-02],\n",
       "        [-2.98700546e-03, -2.07083681e-02,  5.51878523e-02,\n",
       "         -1.06350312e-01,  8.35400677e-02, -1.09998847e-01,\n",
       "          8.01269077e-02,  2.45712299e+00,  6.18037839e-02,\n",
       "         -9.92549908e-02,  8.48045772e-02, -1.12710455e-01,\n",
       "          9.07575271e-02, -1.27056959e-01],\n",
       "        [-2.47551624e-02, -2.06186138e-02,  7.14129937e-02,\n",
       "         -5.69206944e-02,  7.27845053e-02, -4.99191062e-02,\n",
       "          6.23443071e-02, -3.09367451e-02,  3.05959841e+00,\n",
       "         -5.31371950e-02,  7.63557933e-02, -5.44004949e-02,\n",
       "          7.15984114e-02, -4.14645309e-02],\n",
       "        [-9.75026824e-03, -3.85417186e-02, -3.65398020e-02,\n",
       "          5.49612410e-02, -3.57848504e-02,  6.39836615e-02,\n",
       "         -1.71324330e-02,  6.05805257e-02, -6.15299111e-02,\n",
       "          3.07883569e+00, -4.82751440e-02,  5.13164795e-02,\n",
       "         -1.46412673e-02,  5.16499142e-02],\n",
       "        [-2.80391436e-02, -2.03551094e-02, -2.04742620e-02,\n",
       "         -6.42371869e-03,  3.93403410e-02, -3.18664683e-06,\n",
       "          2.40451665e-02,  6.11403455e-03, -2.91804596e-02,\n",
       "         -8.54263311e-03,  2.97640527e+00, -3.56031229e-03,\n",
       "          2.50765255e-02,  2.03087977e-03],\n",
       "        [-2.21589495e-02, -2.48451827e-02, -4.31946195e-03,\n",
       "         -2.97273941e-02,  3.42377317e-03,  4.01441023e-02,\n",
       "          6.70689505e-03,  2.32830810e-02, -1.22773370e-02,\n",
       "         -2.77792473e-02, -8.68043570e-04,  3.26851465e+00,\n",
       "          1.85023318e-04,  2.11092234e-02],\n",
       "        [-2.84951198e-02, -1.51606524e-02, -4.37580987e-02,\n",
       "          6.37835624e-03, -5.70119842e-02,  3.66413545e-02,\n",
       "          1.52760738e-02,  3.44088633e-02, -5.97394411e-02,\n",
       "         -4.06734529e-03, -7.57550392e-02,  5.12087660e-02,\n",
       "          2.93359813e+00,  5.20815738e-02],\n",
       "        [ 2.09958185e-03, -1.85087165e-02,  3.39571913e-02,\n",
       "         -6.99802364e-02,  5.01480976e-02, -7.73005677e-02,\n",
       "          4.97354493e-02,  1.81871905e-03,  3.89136734e-02,\n",
       "         -6.52979899e-02,  5.07241997e-02, -8.00889639e-02,\n",
       "          5.52343030e-02,  2.96424390e+00]])}"
      ]
     },
     "execution_count": 4,
     "metadata": {},
     "output_type": "execute_result"
    }
   ],
   "source": [
    "\n",
    "dictionary_everything"
   ]
  },
  {
   "cell_type": "code",
   "execution_count": 24,
   "id": "a19abf78",
   "metadata": {},
   "outputs": [],
   "source": [
    "BETAS = np.load(rf\"{qubit_params_dir}/betas.npy\")\n",
    "BETAS\n",
    "dictionary_everything['betas'] = BETAS"
   ]
  },
  {
   "cell_type": "code",
   "execution_count": 22,
   "id": "cd3a52a4",
   "metadata": {},
   "outputs": [
    {
     "name": "stdout",
     "output_type": "stream",
     "text": [
      "[ 2.68916853e+04  4.32954883e+00  1.07491783e+05 -7.96878970e-02\n",
      "  6.32807142e-01]\n",
      "[2.89438623e+04 4.49983630e+00 1.16002485e+05 8.13733091e-02\n",
      " 6.39111987e-01]\n",
      "[2.58003016e+04 4.53136552e+00 1.01566623e+05 1.53193189e-01\n",
      " 6.40562098e-01]\n",
      "[ 2.73023341e+04  4.38859696e+00  1.10240171e+05 -4.54460093e-02\n",
      "  6.25898293e-01]\n",
      "[2.58951519e+04 4.73551348e+00 1.02801115e+05 3.33056925e-01\n",
      " 6.59503837e-01]\n",
      "[2.77817842e+04 4.47525681e+00 1.12241568e+05 9.46846681e-02\n",
      " 6.49852554e-01]\n",
      "[2.61531746e+04 4.38735484e+00 1.02889909e+05 6.25900691e-02\n",
      " 6.40205372e-01]\n",
      "[2.51434433e+04 4.48370290e+00 9.75819563e+04 6.61387751e-02\n",
      " 6.36909538e-01]\n"
     ]
    },
    {
     "data": {
      "text/plain": [
       "{'Q1': array([0.08774992, 4.44294982, 2.31088279, 0.04348395, 0.64285525]),\n",
       " 'Q2': array([ 0.06522968,  4.41653009,  2.47157458,  0.00853351, -0.63513068]),\n",
       " 'Q3': array([0.04490064, 4.36638646, 2.33412906, 0.        , 0.62896545]),\n",
       " 'Q4': array([0.07077662, 4.5248054 , 2.5653183 , 0.1       , 0.63417076]),\n",
       " 'Q5': array([0.03938833, 4.47996591, 2.30936685, 0.1       , 0.64701083]),\n",
       " 'Q6': array([0.06293122, 4.46724348, 2.54000876, 0.1       , 0.65220108]),\n",
       " 'Q7': array([-0.00852437,  4.35314014,  2.34998833,  0.0378556 ,  0.63905277]),\n",
       " 'Q8': array([0.03661994, 4.40577597, 2.46466838, 0.        , 0.63326908]),\n",
       " 'C1': array([-1.99161817e-01,  5.95749245e+00,  3.02590748e+00,  5.93500174e-02,\n",
       "        -1.58104419e-03]),\n",
       " 'C2': array([-1.73965380e-01,  5.95646508e+00,  3.03778173e+00,  1.60725177e-02,\n",
       "         3.44879775e-03]),\n",
       " 'C3': array([-2.17901156e-01,  5.96127832e+00,  2.98841896e+00,  9.53633490e-02,\n",
       "        -1.13577030e-03]),\n",
       " 'C4': array([-0.22975403,  5.97344604,  3.0742997 ,  0.04566527, -0.01134006]),\n",
       " 'C5': array([-2.15153776e-01,  5.90815389e+00,  2.93588545e+00,  5.57108875e-02,\n",
       "         2.06823953e-03]),\n",
       " 'C6': array([-0.04339485,  6.00382454,  2.99706451,  0.04875672,  0.00933322]),\n",
       " 'crosstalk_matrix': array([[ 4.32735059e-01, -5.25234375e-03,  1.19847639e-02,\n",
       "         -1.28393155e-02,  1.71483003e-02, -1.10357960e-02,\n",
       "          1.41567938e-02, -6.74868088e-03,  1.43848352e-02,\n",
       "         -1.09282293e-02,  1.30520531e-02, -1.01719924e-02,\n",
       "          1.29935753e-02, -7.99347003e-03],\n",
       "        [ 9.26696816e-03,  4.04600375e-01,  1.07250246e-02,\n",
       "         -1.34565671e-02,  1.08036184e-02, -1.49819332e-02,\n",
       "          7.77261131e-03, -1.16710663e-02,  1.15869984e-02,\n",
       "         -1.51127151e-02,  1.01097889e-02, -1.11459697e-02,\n",
       "          8.51698182e-03, -1.07189191e-02],\n",
       "        [-5.22251112e-03, -4.11147722e-03,  4.28425324e-01,\n",
       "         -4.41872401e-03,  7.35697961e-03, -2.95241046e-03,\n",
       "          6.69797219e-03, -1.14790345e-03, -4.80932241e-03,\n",
       "         -3.82140229e-03,  8.77726570e-03, -3.03229472e-03,\n",
       "          5.63256858e-03, -1.92674208e-03],\n",
       "        [ 5.35989662e-03,  4.89614502e-03,  3.73967927e-03,\n",
       "          3.89815175e-01,  3.02977065e-03, -6.90014034e-03,\n",
       "          1.44700891e-03, -6.03241719e-03,  4.64773744e-03,\n",
       "          3.24586566e-03,  3.11523963e-03, -9.50059855e-03,\n",
       "          2.16867025e-03, -4.68736874e-03],\n",
       "        [-5.49352001e-03, -3.77786646e-03, -5.15875623e-03,\n",
       "          1.33410235e-03,  4.33019119e-01,  3.29699182e-03,\n",
       "          1.45384475e-03,  3.53349446e-03, -6.10056458e-03,\n",
       "          6.70843245e-04, -8.61327643e-03,  1.75270253e-03,\n",
       "          3.79037386e-03,  2.45246584e-03],\n",
       "        [ 2.98729173e-03,  3.88898096e-03, -1.59231458e-03,\n",
       "          6.18116982e-03, -3.49211807e-03,  3.93699429e-01,\n",
       "         -4.07448233e-03, -2.08385312e-03, -5.79827524e-04,\n",
       "          5.14336926e-03, -2.49647188e-03,  7.52982872e-03,\n",
       "         -3.19929286e-03, -5.52602853e-03],\n",
       "        [-7.44513596e-03, -3.47977830e-03, -1.16193586e-02,\n",
       "          8.78797439e-03, -1.35947531e-02,  1.06504098e-02,\n",
       "          4.25534028e-01,  9.43932187e-03, -1.26446475e-02,\n",
       "          6.45211211e-03, -1.21713119e-02,  7.98810237e-03,\n",
       "         -1.50051134e-02,  8.24373007e-03],\n",
       "        [ 1.31219329e-03,  4.36156102e-03, -8.95836434e-03,\n",
       "          1.69341779e-02, -1.43793035e-02,  1.67495200e-02,\n",
       "         -1.39842579e-02,  4.05734096e-01, -7.44513875e-03,\n",
       "          1.34889983e-02, -1.11458612e-02,  1.38395303e-02,\n",
       "         -1.22639280e-02,  1.63428692e-02],\n",
       "        [ 4.00344897e-03,  3.20234687e-03, -9.70497400e-03,\n",
       "          7.28558915e-03, -1.02006786e-02,  6.06548200e-03,\n",
       "         -8.80705941e-03,  3.50728307e-03,  3.27394399e-01,\n",
       "          5.78567305e-03, -8.24477344e-03,  5.36976322e-03,\n",
       "         -7.85293300e-03,  4.24414977e-03],\n",
       "        [ 1.24908762e-03,  4.69819942e-03,  5.22123036e-03,\n",
       "         -7.67205378e-03,  5.40476745e-03, -8.52762577e-03,\n",
       "          2.83096571e-03, -7.82171571e-03,  6.73582239e-03,\n",
       "          3.24108240e-01,  5.55307768e-03, -5.54433086e-03,\n",
       "          1.96471554e-03, -5.79081652e-03],\n",
       "        [ 4.25683046e-03,  2.79978278e-03,  3.19024382e-03,\n",
       "          5.33766673e-04, -5.44538879e-03, -3.38532300e-04,\n",
       "         -3.25117178e-03, -1.07196326e-03,  3.56468264e-03,\n",
       "          6.71288376e-04,  3.36333767e-01,  1.16088622e-04,\n",
       "         -2.62227123e-03, -4.60567918e-04],\n",
       "        [ 3.04666600e-03,  3.04465264e-03,  9.12561182e-04,\n",
       "          3.03854358e-03,  5.87908790e-06, -5.34625871e-03,\n",
       "         -5.12468704e-04, -3.12596208e-03,  1.62589526e-03,\n",
       "          2.39259853e-03,  4.88983409e-04,  3.05418117e-01,\n",
       "          3.39518989e-04, -2.45673423e-03],\n",
       "        [ 4.17848479e-03,  1.85098727e-03,  6.59401766e-03,\n",
       "         -1.46460465e-03,  8.80650052e-03, -5.29127939e-03,\n",
       "         -1.82420199e-03, -4.73957411e-03,  6.96648192e-03,\n",
       "         -7.56573156e-05,  8.97273960e-03, -5.81252021e-03,\n",
       "          3.41339450e-01, -6.13848963e-03],\n",
       "        [ 1.39244130e-04,  2.97508391e-03, -4.42528777e-03,\n",
       "          8.99488347e-03, -6.95504405e-03,  9.49966729e-03,\n",
       "         -7.01238001e-03, -9.14938494e-04, -3.76464079e-03,\n",
       "          7.15827555e-03, -5.36022556e-03,  7.93783143e-03,\n",
       "         -6.01755650e-03,  3.36742968e-01]]),\n",
       " 'crosstalk_offset': array([ 0.08650627,  0.00421169,  0.18661097, -0.17419282,  0.19496159,\n",
       "        -0.08645642,  0.14282769,  0.02080892, -0.1651734 , -0.19976995,\n",
       "        -0.2343911 , -0.21902371, -0.22059211, -0.06487993]),\n",
       " 'crosstalk_inverse': array([[ 2.30742000e+00,  2.56384219e-02, -6.86764326e-02,\n",
       "          7.64118977e-02, -9.35825912e-02,  6.90593134e-02,\n",
       "         -7.66930120e-02,  4.48376107e-02, -1.06286480e-01,\n",
       "          7.63628966e-02, -9.30243570e-02,  7.83163668e-02,\n",
       "         -9.05344429e-02,  5.92222131e-02],\n",
       "        [-5.57234064e-02,  2.46561758e+00, -6.19553137e-02,\n",
       "          8.00349770e-02, -5.86648428e-02,  9.36435275e-02,\n",
       "         -4.07979582e-02,  7.57444491e-02, -8.73317398e-02,\n",
       "          1.07153963e-01, -7.20601688e-02,  8.59914352e-02,\n",
       "         -5.82905717e-02,  7.96165728e-02],\n",
       "        [ 2.64597679e-02,  2.24600961e-02,  2.33290037e+00,\n",
       "          2.77130965e-02, -4.14842448e-02,  2.00370845e-02,\n",
       "         -3.73828790e-02,  9.29632524e-03,  3.09739981e-02,\n",
       "          2.83332686e-02, -6.32113541e-02,  2.48406843e-02,\n",
       "         -4.05860084e-02,  1.56236479e-02],\n",
       "        [-3.17315897e-02, -3.25406478e-02, -1.98516735e-02,\n",
       "          2.55946268e+00, -1.39384373e-02,  4.11025445e-02,\n",
       "         -5.11557562e-03,  3.71094401e-02, -3.24878627e-02,\n",
       "         -3.11741191e-02, -1.95165116e-02,  7.36123680e-02,\n",
       "         -1.24751577e-02,  3.29809492e-02],\n",
       "        [ 2.86422547e-02,  2.21739536e-02,  2.65517818e-02,\n",
       "         -5.08170526e-03,  2.30818482e+00, -1.72377923e-02,\n",
       "         -9.55467556e-03, -1.95259422e-02,  4.04634766e-02,\n",
       "         -1.56339650e-03,  5.70956943e-02, -1.07065231e-02,\n",
       "         -2.78474808e-02, -1.54892290e-02],\n",
       "        [-1.55587459e-02, -2.31835532e-02,  1.27024915e-02,\n",
       "         -4.37452967e-02,  2.39709338e-02,  2.53417200e+00,\n",
       "          2.67040290e-02,  9.68716057e-03,  9.31149878e-03,\n",
       "         -4.27604139e-02,  2.29846797e-02, -6.77581002e-02,\n",
       "          2.76182776e-02,  3.78322225e-02],\n",
       "        [ 4.06441821e-02,  2.33241759e-02,  6.16792879e-02,\n",
       "         -4.73871837e-02,  6.91102265e-02, -6.02820771e-02,\n",
       "          2.34689610e+00, -5.54014762e-02,  8.70153224e-02,\n",
       "         -4.00110423e-02,  8.03235428e-02, -5.54100631e-02,\n",
       "          9.89319930e-02, -5.51328392e-02],\n",
       "        [-2.98700546e-03, -2.07083681e-02,  5.51878523e-02,\n",
       "         -1.06350312e-01,  8.35400677e-02, -1.09998847e-01,\n",
       "          8.01269077e-02,  2.45712299e+00,  6.18037839e-02,\n",
       "         -9.92549908e-02,  8.48045772e-02, -1.12710455e-01,\n",
       "          9.07575271e-02, -1.27056959e-01],\n",
       "        [-2.47551624e-02, -2.06186138e-02,  7.14129937e-02,\n",
       "         -5.69206944e-02,  7.27845053e-02, -4.99191062e-02,\n",
       "          6.23443071e-02, -3.09367451e-02,  3.05959841e+00,\n",
       "         -5.31371950e-02,  7.63557933e-02, -5.44004949e-02,\n",
       "          7.15984114e-02, -4.14645309e-02],\n",
       "        [-9.75026824e-03, -3.85417186e-02, -3.65398020e-02,\n",
       "          5.49612410e-02, -3.57848504e-02,  6.39836615e-02,\n",
       "         -1.71324330e-02,  6.05805257e-02, -6.15299111e-02,\n",
       "          3.07883569e+00, -4.82751440e-02,  5.13164795e-02,\n",
       "         -1.46412673e-02,  5.16499142e-02],\n",
       "        [-2.80391436e-02, -2.03551094e-02, -2.04742620e-02,\n",
       "         -6.42371869e-03,  3.93403410e-02, -3.18664683e-06,\n",
       "          2.40451665e-02,  6.11403455e-03, -2.91804596e-02,\n",
       "         -8.54263311e-03,  2.97640527e+00, -3.56031229e-03,\n",
       "          2.50765255e-02,  2.03087977e-03],\n",
       "        [-2.21589495e-02, -2.48451827e-02, -4.31946195e-03,\n",
       "         -2.97273941e-02,  3.42377317e-03,  4.01441023e-02,\n",
       "          6.70689505e-03,  2.32830810e-02, -1.22773370e-02,\n",
       "         -2.77792473e-02, -8.68043570e-04,  3.26851465e+00,\n",
       "          1.85023318e-04,  2.11092234e-02],\n",
       "        [-2.84951198e-02, -1.51606524e-02, -4.37580987e-02,\n",
       "          6.37835624e-03, -5.70119842e-02,  3.66413545e-02,\n",
       "          1.52760738e-02,  3.44088633e-02, -5.97394411e-02,\n",
       "         -4.06734529e-03, -7.57550392e-02,  5.12087660e-02,\n",
       "          2.93359813e+00,  5.20815738e-02],\n",
       "        [ 2.09958185e-03, -1.85087165e-02,  3.39571913e-02,\n",
       "         -6.99802364e-02,  5.01480976e-02, -7.73005677e-02,\n",
       "          4.97354493e-02,  1.81871905e-03,  3.89136734e-02,\n",
       "         -6.52979899e-02,  5.07241997e-02, -8.00889639e-02,\n",
       "          5.52343030e-02,  2.96424390e+00]]),\n",
       " 'Q1_MHz_bare': array([ 2.68916853e+04,  4.32954883e+00,  1.07491783e+05, -7.96878970e-02,\n",
       "         6.32807142e-01]),\n",
       " 'Q2_MHz_bare': array([2.89438623e+04, 4.49983630e+00, 1.16002485e+05, 8.13733091e-02,\n",
       "        6.39111987e-01]),\n",
       " 'Q3_MHz_bare': array([2.58003016e+04, 4.53136552e+00, 1.01566623e+05, 1.53193189e-01,\n",
       "        6.40562098e-01]),\n",
       " 'Q4_MHz_bare': array([ 2.73023341e+04,  4.38859696e+00,  1.10240171e+05, -4.54460093e-02,\n",
       "         6.25898293e-01]),\n",
       " 'Q5_MHz_bare': array([2.58951519e+04, 4.73551348e+00, 1.02801115e+05, 3.33056925e-01,\n",
       "        6.59503837e-01]),\n",
       " 'Q6_MHz_bare': array([2.77817842e+04, 4.47525681e+00, 1.12241568e+05, 9.46846681e-02,\n",
       "        6.49852554e-01]),\n",
       " 'Q7_MHz_bare': array([2.61531746e+04, 4.38735484e+00, 1.02889909e+05, 6.25900691e-02,\n",
       "        6.40205372e-01]),\n",
       " 'Q8_MHz_bare': array([2.51434433e+04, 4.48370290e+00, 9.75819563e+04, 6.61387751e-02,\n",
       "        6.36909538e-01]),\n",
       " 'Q1_bare_MHz': array([ 2.68916853e+04,  4.32954883e+03,  1.07491783e+05, -7.96878970e+01,\n",
       "         6.32807142e-01]),\n",
       " 'Q2_bare_MHz': array([2.89438623e+04, 4.49983630e+03, 1.16002485e+05, 8.13733091e+01,\n",
       "        6.39111987e-01]),\n",
       " 'Q3_bare_MHz': array([2.58003016e+04, 4.53136552e+03, 1.01566623e+05, 1.53193189e+02,\n",
       "        6.40562098e-01]),\n",
       " 'Q4_bare_MHz': array([ 2.73023341e+04,  4.38859696e+03,  1.10240171e+05, -4.54460093e+01,\n",
       "         6.25898293e-01]),\n",
       " 'Q5_bare_MHz': array([2.58951519e+04, 4.73551348e+03, 1.02801115e+05, 3.33056925e+02,\n",
       "        6.59503837e-01]),\n",
       " 'Q6_bare_MHz': array([2.77817842e+04, 4.47525681e+03, 1.12241568e+05, 9.46846681e+01,\n",
       "        6.49852554e-01]),\n",
       " 'Q7_bare_MHz': array([2.61531746e+04, 4.38735484e+03, 1.02889909e+05, 6.25900691e+01,\n",
       "        6.40205372e-01]),\n",
       " 'Q8_bare_MHz': array([2.51434433e+04, 4.48370290e+03, 9.75819563e+04, 6.61387751e+01,\n",
       "        6.36909538e-01]),\n",
       " 'Q1_bare': array([ 2.68916853e+04,  4.32954883e+00,  1.07491783e+05, -7.96878970e-02,\n",
       "         6.32807142e-01]),\n",
       " 'Q2_bare': array([2.89438623e+04, 4.49983630e+00, 1.16002485e+05, 8.13733091e-02,\n",
       "        6.39111987e-01]),\n",
       " 'Q3_bare': array([2.58003016e+04, 4.53136552e+00, 1.01566623e+05, 1.53193189e-01,\n",
       "        6.40562098e-01]),\n",
       " 'Q4_bare': array([ 2.73023341e+04,  4.38859696e+00,  1.10240171e+05, -4.54460093e-02,\n",
       "         6.25898293e-01]),\n",
       " 'Q5_bare': array([2.58951519e+04, 4.73551348e+00, 1.02801115e+05, 3.33056925e-01,\n",
       "        6.59503837e-01]),\n",
       " 'Q6_bare': array([2.77817842e+04, 4.47525681e+00, 1.12241568e+05, 9.46846681e-02,\n",
       "        6.49852554e-01]),\n",
       " 'Q7_bare': array([2.61531746e+04, 4.38735484e+00, 1.02889909e+05, 6.25900691e-02,\n",
       "        6.40205372e-01]),\n",
       " 'Q8_bare': array([2.51434433e+04, 4.48370290e+00, 9.75819563e+04, 6.61387751e-02,\n",
       "        6.36909538e-01])}"
      ]
     },
     "execution_count": 22,
     "metadata": {},
     "output_type": "execute_result"
    }
   ],
   "source": [
    "for q in [Q1_MHz_bare,\n",
    "Q2_MHz_bare,\n",
    "Q3_MHz_bare,\n",
    "Q4_MHz_bare,\n",
    "Q5_MHz_bare,\n",
    "Q6_MHz_bare,\n",
    "Q7_MHz_bare,\n",
    "Q8_MHz_bare]:\n",
    "    q.transmon_popt[1] /= 1e3\n",
    "    q.transmon_popt[3] /= 1e3\n",
    "    print(q.transmon_popt)\n",
    "    dictionary_everything[q.name] = q.transmon_popt\n",
    "dictionary_everything"
   ]
  },
  {
   "cell_type": "code",
   "execution_count": 33,
   "id": "c0e1156a-baa6-4274-8c11-93613a39bebe",
   "metadata": {},
   "outputs": [],
   "source": [
    "# for Q in All_transmons:\n",
    "#     dictionary_everything[Q.name] = Q.transmon_popt\n",
    "\n",
    "dictionary_everything['crosstalk_matrix'] = crosstalk_matrix\n",
    "dictionary_everything['crosstalk_offset'] = crosstalk_offset\n",
    "dictionary_everything['crosstalk_inverse'] = crosstalk_inverse"
   ]
  },
  {
   "cell_type": "code",
   "execution_count": 25,
   "id": "37f3bab6-77e6-4995-b913-1fd7bb0c6cf3",
   "metadata": {},
   "outputs": [
    {
     "name": "stdout",
     "output_type": "stream",
     "text": [
      "Z:\\QSimMeasurements\\Measurements\\\\8QV1_Triangle_Lattice\\\\qubit_parameters\\\\Dictionary_File\\\\20250723_222831_8Q_Parameters.pkl\n",
      "New File!!!!\n",
      "Z:\\QSimMeasurements\\Measurements\\\\8QV1_Triangle_Lattice\\\\qubit_parameters\\\\Dictionary_File\\\\20250725_114303_8Q_Parameters.pkl\n"
     ]
    }
   ],
   "source": [
    "print(directory + file_name)\n",
    "total_path = directory + file_name_('8Q_Parameters')\n",
    "\n",
    "print('New File!!!!')\n",
    "print(total_path)\n",
    "save_info(dictionary_everything, total_path)"
   ]
  },
  {
   "cell_type": "code",
   "execution_count": 21,
   "id": "2813ae91",
   "metadata": {},
   "outputs": [],
   "source": [
    "Q1_MHz_bare = Transmon(np.load(fr'{qubit_params_dir}\\bare_Q1_FFgain_MHz.npy'), 'Q1_bare')\n",
    "Q2_MHz_bare = Transmon(np.load(fr'{qubit_params_dir}\\bare_Q2_FFgain_MHz.npy'), 'Q2_bare')\n",
    "Q3_MHz_bare = Transmon(np.load(fr'{qubit_params_dir}\\bare_Q3_FFgain_MHz.npy'), 'Q3_bare')\n",
    "Q4_MHz_bare = Transmon(np.load(fr'{qubit_params_dir}\\bare_Q4_FFgain_MHz.npy'), 'Q4_bare')\n",
    "Q5_MHz_bare = Transmon(np.load(fr'{qubit_params_dir}\\bare_Q5_FFgain_MHz.npy'), 'Q5_bare')\n",
    "Q6_MHz_bare = Transmon(np.load(fr'{qubit_params_dir}\\bare_Q6_FFgain_MHz.npy'), 'Q6_bare')\n",
    "Q7_MHz_bare = Transmon(np.load(fr'{qubit_params_dir}\\bare_Q7_FFgain_MHz.npy'), 'Q7_bare')\n",
    "Q8_MHz_bare = Transmon(np.load(fr'{qubit_params_dir}\\bare_Q8_FFgain_MHz.npy'), 'Q8_bare')"
   ]
  },
  {
   "cell_type": "code",
   "execution_count": 7,
   "id": "4acfb71a-e87a-47bc-b396-6a522e0a2d12",
   "metadata": {},
   "outputs": [
    {
     "data": {
