{
 "cells": [
  {
   "cell_type": "code",
   "execution_count": 17,
   "id": "14c18b4c-c5f4-43fe-bd6f-113349005774",
   "metadata": {},
   "outputs": [],
   "source": [
    "directory = r\"Z:\\QSimMeasurements\\Measurements\\\\8QV1_Triangle_Lattice\\\\qubit_parameters\\\\Dictionary_File\\\\\""
   ]
  },
  {
   "cell_type": "code",
   "execution_count": 19,
   "id": "aa651adc-ed51-497f-8b63-87b3b6e4fa12",
   "metadata": {},
   "outputs": [],
   "source": [
    "from Import_Functions_Transmon import *\n",
    "import matplotlib.pyplot as plt"
   ]
  },
  {
   "cell_type": "code",
   "execution_count": 13,
   "id": "fb9805a9-f4f1-401d-80fe-d919315b9ed4",
   "metadata": {},
   "outputs": [
    {
     "name": "stdout",
     "output_type": "stream",
     "text": [
      "['20250615_222820_8Q_Parameters.pkl', '20250615_223056_8Q_Parameters.pkl', '20250615_223355_8Q_Parameters.pkl', '20250615_224022_8Q_Parameters.pkl', '20250618_155340_8Q_Parameters.pkl', '20250618_155819_8Q_Parameters.pkl', '20250618_160739_8Q_Parameters.pkl', '20250618_161154_8Q_Parameters.pkl', '20250618_161530_8Q_Parameters.pkl', '20250618_161813_8Q_Parameters.pkl', '20250618_162313_8Q_Parameters.pkl', '20250623_103107_8Q_Parameters.pkl']\n"
     ]
    }
   ],
   "source": [
    "import os\n",
    "import pickle\n",
    "\n",
    "files = os.listdir(directory)\n",
    "sorted_files = sorted(files)\n",
    "file_name = sorted_files[-1]  # most recent\n",
    "print(sorted_files)\n",
    "dictionary_everything = read_info(directory + file_name)"
   ]
  },
  {
   "cell_type": "code",
   "execution_count": 14,
   "id": "8f73ca30-94d2-4f35-9fe2-edf4ef210175",
   "metadata": {},
   "outputs": [
    {
     "data": {
      "text/plain": [
       "{'Q1': array([0.08774992, 4.44294982, 2.31088279, 0.04348395, 0.64285525]),\n",
       " 'Q2': array([ 0.06522968,  4.41653009,  2.47157458,  0.00853351, -0.63513068]),\n",
       " 'Q3': array([0.04490064, 4.36638646, 2.33412906, 0.        , 0.62896545]),\n",
       " 'Q4': array([0.07077662, 4.5248054 , 2.5653183 , 0.1       , 0.63417076]),\n",
       " 'Q5': array([0.03938833, 4.47996591, 2.30936685, 0.1       , 0.64701083]),\n",
       " 'Q6': array([0.06293122, 4.46724348, 2.54000876, 0.1       , 0.65220108]),\n",
       " 'Q7': array([-0.00852437,  4.35314014,  2.34998833,  0.0378556 ,  0.63905277]),\n",
       " 'Q8': array([0.03661994, 4.40577597, 2.46466838, 0.        , 0.63326908]),\n",
       " 'C1': [-0.0148026, 6, 3.05442, 0.2, 0.1],\n",
       " 'C2': [-0.010529, 6, 3.085389, 0.2, 0.1],\n",
       " 'C3': [-0.0496748, 6, 2.973237, 0.2, 0.1],\n",
       " 'C4': [-0.0830829, 6, 3.2742, 0.2, 0.1],\n",
       " 'C5': [-0.07251603, 6, 2.929635, 0.2, 0.1],\n",
       " 'C6': [0.03769306, 6, 2.969624, 0.2, 0.1],\n",
       " 'crosstalk_matrix': array([[ 0.43273506, -0.00522856,  0.01244152, -0.0132376 ,  0.01693609,\n",
       "         -0.01116467,  0.01432201, -0.00693554,  0.01454787, -0.01103031,\n",
       "          0.0134082 , -0.01011351,  0.0128714 , -0.00822614],\n",
       "        [ 0.00899997,  0.40460037,  0.0107413 , -0.01341068,  0.01106087,\n",
       "         -0.0149088 ,  0.0080968 , -0.01149345,  0.01167113, -0.01517365,\n",
       "          0.01001238, -0.01102254,  0.00831797, -0.01073284],\n",
       "        [-0.00510719, -0.00402088,  0.42842532, -0.0044179 ,  0.00738678,\n",
       "         -0.00299175,  0.00673511, -0.00113192, -0.00477841, -0.00389155,\n",
       "          0.00871204, -0.00315495,  0.00560123, -0.00189989],\n",
       "        [ 0.00536831,  0.00485698,  0.00374757,  0.38981517,  0.00294859,\n",
       "         -0.00697516,  0.0014584 , -0.00602845,  0.00463953,  0.00329647,\n",
       "          0.00311165, -0.00951682,  0.00224841, -0.00473037],\n",
       "        [-0.00591477, -0.0037481 , -0.00531214,  0.00158773,  0.43301912,\n",
       "          0.00304793,  0.00105346,  0.00316001, -0.00621478,  0.00075276,\n",
       "         -0.0083804 ,  0.00181062,  0.00349859,  0.00248458],\n",
       "        [ 0.00297473,  0.0038004 , -0.00147548,  0.00601537, -0.00352312,\n",
       "          0.39369943, -0.00417441, -0.00193475, -0.00065835,  0.005232  ,\n",
       "         -0.0024221 ,  0.0075099 , -0.00308226, -0.005318  ],\n",
       "        [-0.00724232, -0.00403326, -0.01168349,  0.00898882, -0.01357143,\n",
       "          0.01099164,  0.42553403,  0.00923346, -0.01267767,  0.00645492,\n",
       "         -0.01237896,  0.00766424, -0.01531572,  0.0083027 ],\n",
       "        [ 0.00143634,  0.00428954, -0.00904469,  0.01704693, -0.01446437,\n",
       "          0.01671922, -0.01448455,  0.4057341 , -0.00797067,  0.0130685 ,\n",
       "         -0.01122545,  0.01396777, -0.01193845,  0.01643172],\n",
       "        [ 0.00510542,  0.00163981, -0.00250161,  0.00331755, -0.01140604,\n",
       "          0.00177391, -0.00978139,  0.00135434,  0.3273944 ,  0.0034746 ,\n",
       "         -0.00723892,  0.00360846, -0.00549701,  0.00713657],\n",
       "        [ 0.00125187,  0.0050759 ,  0.0043964 , -0.00763525,  0.00622508,\n",
       "         -0.00310725,  0.00504208, -0.00354701,  0.00396159,  0.32410824,\n",
       "          0.00495804, -0.00642065,  0.00242632, -0.00402932],\n",
       "        [ 0.        ,  0.        ,  0.        ,  0.        ,  0.        ,\n",
       "          0.        ,  0.        ,  0.        ,  0.        ,  0.        ,\n",
       "          0.33633377,  0.        ,  0.        ,  0.        ],\n",
       "        [ 0.        ,  0.        ,  0.        ,  0.        ,  0.        ,\n",
       "          0.        ,  0.        ,  0.        ,  0.        ,  0.        ,\n",
       "          0.        ,  0.30541812,  0.        ,  0.        ],\n",
       "        [ 0.00500782,  0.00538015, -0.0080846 ,  0.00157147,  0.00126271,\n",
       "          0.00047346, -0.0062863 , -0.0091653 ,  0.01040367, -0.00419585,\n",
       "          0.00361471, -0.00372238,  0.34133945, -0.00455563],\n",
       "        [ 0.        ,  0.        ,  0.        ,  0.        ,  0.        ,\n",
       "          0.        ,  0.        ,  0.        ,  0.        ,  0.        ,\n",
       "          0.        ,  0.        ,  0.        ,  0.33674297]]),\n",
       " 'crosstalk_offset': array([ 0.07641934,  0.07773276,  0.05227841,  0.07388224,  0.08747744,\n",
       "         0.08161748,  0.02058737,  0.05155972, -0.04522025,  0.02613756,\n",
       "        -0.04337821,  0.01040804, -0.05643066,  0.00409484]),\n",
       " 'crosstalk_inverse': array([[ 2.30731429e+00,  2.60039045e-02, -7.36622715e-02,\n",
       "          8.04594948e-02, -9.43632218e-02,  6.96058367e-02,\n",
       "         -7.95858800e-02,  4.30505262e-02, -1.07434325e-01,\n",
       "          7.69741134e-02, -9.74184633e-02,  7.97586593e-02,\n",
       "         -8.97070989e-02,  6.15490977e-02],\n",
       "        [-5.41568476e-02,  2.46635342e+00, -6.38663094e-02,\n",
       "          8.21173957e-02, -6.23228636e-02,  9.28437415e-02,\n",
       "         -4.50325940e-02,  7.18754700e-02, -8.80828777e-02,\n",
       "          1.08862239e-01, -7.33901707e-02,  8.76709953e-02,\n",
       "         -5.77741989e-02,  7.99959859e-02],\n",
       "        [ 2.53316108e-02,  2.21399629e-02,  2.33040632e+00,\n",
       "          2.88501183e-02, -4.17308064e-02,  2.09351012e-02,\n",
       "         -3.78944940e-02,  8.51480891e-03,  3.06138767e-02,\n",
       "          2.89051129e-02, -6.36326105e-02,  2.66571903e-02,\n",
       "         -4.04238990e-02,  1.51853633e-02],\n",
       "        [-3.14129814e-02, -3.16173227e-02, -2.02366777e-02,\n",
       "          2.56061318e+00, -1.40568179e-02,  4.17625114e-02,\n",
       "         -5.69589040e-03,  3.65350120e-02, -3.27778838e-02,\n",
       "         -3.06585927e-02, -2.01221141e-02,  7.45069398e-02,\n",
       "         -1.33462207e-02,  3.33488886e-02],\n",
       "        [ 3.13053477e-02,  2.25787683e-02,  2.63377392e-02,\n",
       "         -6.38584940e-03,  2.30743435e+00, -1.52550603e-02,\n",
       "         -7.72154326e-03, -1.74690351e-02,  4.21872540e-02,\n",
       "         -2.54209626e-03,  5.52004839e-02, -1.12577038e-02,\n",
       "         -2.61688101e-02, -1.59582462e-02],\n",
       "        [-1.58189943e-02, -2.28522442e-02,  1.23648489e-02,\n",
       "         -4.24968928e-02,  2.38720956e-02,  2.53626141e+00,\n",
       "          2.71694355e-02,  9.95736565e-03,  8.84195711e-03,\n",
       "         -4.27273379e-02,  2.21175678e-02, -6.68746521e-02,\n",
       "          2.59013554e-02,  3.67316892e-02],\n",
       "        [ 3.96544824e-02,  2.57727732e-02,  6.50844321e-02,\n",
       "         -5.01640557e-02,  7.09607274e-02, -6.30430298e-02,\n",
       "          2.34871360e+00, -5.18132213e-02,  8.71544661e-02,\n",
       "         -3.96124341e-02,  8.38339052e-02, -5.47179938e-02,\n",
       "          1.01100934e-01, -5.64011542e-02],\n",
       "        [-3.76785057e-03, -2.17252171e-02,  5.97221604e-02,\n",
       "         -1.11273051e-01,  8.73246375e-02, -1.11199538e-01,\n",
       "          8.64357222e-02,  2.46028260e+00,  6.63899904e-02,\n",
       "         -9.81715219e-02,  8.88564603e-02, -1.17977019e-01,\n",
       "          9.02197224e-02, -1.27955334e-01],\n",
       "        [-3.32329954e-02, -1.07209533e-02,  2.33606180e-02,\n",
       "         -2.93051679e-02,  8.39778400e-02, -1.79119915e-02,\n",
       "          7.17417094e-02, -1.29369783e-02,  3.05979659e+00,\n",
       "         -3.39891632e-02,  7.12741804e-02, -3.96498432e-02,\n",
       "          5.25854715e-02, -6.80148345e-02],\n",
       "        [-9.92156328e-03, -4.06405083e-02, -3.22761358e-02,\n",
       "          5.80884263e-02, -4.36396134e-02,  2.36350118e-02,\n",
       "         -3.49971864e-02,  2.72932647e-02, -3.74990947e-02,\n",
       "          3.08161742e+00, -4.53996426e-02,  6.39599467e-02,\n",
       "         -2.09523054e-02,  3.67071147e-02],\n",
       "        [ 0.00000000e+00,  0.00000000e+00,  0.00000000e+00,\n",
       "          0.00000000e+00,  0.00000000e+00,  0.00000000e+00,\n",
       "          0.00000000e+00,  0.00000000e+00,  0.00000000e+00,\n",
       "          0.00000000e+00,  2.97323700e+00,  0.00000000e+00,\n",
       "          0.00000000e+00,  0.00000000e+00],\n",
       "        [ 0.00000000e+00,  0.00000000e+00,  0.00000000e+00,\n",
       "          0.00000000e+00,  0.00000000e+00,  0.00000000e+00,\n",
       "          0.00000000e+00,  0.00000000e+00,  0.00000000e+00,\n",
       "          0.00000000e+00,  0.00000000e+00,  3.27420000e+00,\n",
       "          0.00000000e+00,  0.00000000e+00],\n",
       "        [-3.08263832e-02, -3.89192261e-02,  5.89549416e-02,\n",
       "         -1.58018870e-02, -6.57027143e-03, -8.95291330e-03,\n",
       "          4.39562709e-02,  6.41563848e-02, -8.66604356e-02,\n",
       "          3.35999203e-02, -2.93499186e-02,  3.13958073e-02,\n",
       "          2.93345073e+00,  3.57337577e-02],\n",
       "        [ 0.00000000e+00,  0.00000000e+00,  0.00000000e+00,\n",
       "          0.00000000e+00,  0.00000000e+00,  0.00000000e+00,\n",
       "          0.00000000e+00,  0.00000000e+00,  0.00000000e+00,\n",
       "          0.00000000e+00,  0.00000000e+00,  0.00000000e+00,\n",
       "          0.00000000e+00,  2.96962400e+00]])}"
      ]
     },
     "execution_count": 14,
     "metadata": {},
     "output_type": "execute_result"
    }
   ],
   "source": [
    "dictionary_everything"
   ]
  },
  {
   "cell_type": "code",
   "execution_count": 16,
   "id": "9006abdf-4979-4ed4-867c-f7202f7dfdba",
   "metadata": {},
   "outputs": [
    {
     "data": {
      "text/plain": [
       "{'Q1': array([0.08774992, 4.44294982, 2.31088279, 0.04348395, 0.64285525]),\n",
       " 'Q2': array([ 0.06522968,  4.41653009,  2.47157458,  0.00853351, -0.63513068]),\n",
       " 'Q3': array([0.04490064, 4.36638646, 2.33412906, 0.        , 0.62896545]),\n",
       " 'Q4': array([0.07077662, 4.5248054 , 2.5653183 , 0.1       , 0.63417076]),\n",
       " 'Q5': array([0.03938833, 4.47996591, 2.30936685, 0.1       , 0.64701083]),\n",
       " 'Q6': array([0.06293122, 4.46724348, 2.54000876, 0.1       , 0.65220108]),\n",
       " 'Q7': array([-0.00852437,  4.35314014,  2.34998833,  0.0378556 ,  0.63905277]),\n",
       " 'Q8': array([0.03661994, 4.40577597, 2.46466838, 0.        , 0.63326908]),\n",
       " 'C1': array([-0.15874381,  5.92904762,  3.02780768,  0.07811505, -0.07250567]),\n",
       " 'C2': array([-0.18387826,  6.55562755,  3.03517545,  0.49989549,  0.13573256]),\n",
       " 'C3': array([-0.22583344,  5.74450281,  2.9869383 , -0.03791348, -0.0193125 ]),\n",
       " 'C4': array([-0.20411855,  5.72481491,  3.0737693 , -0.08225332,  0.0408963 ]),\n",
       " 'C5': array([-0.18124988,  7.24393748,  2.93383916,  1.10826585,  0.19008377]),\n",
       " 'C6': array([-0.03397927,  5.85019404,  2.99403796, -0.03440435, -0.02307457]),\n",
       " 'crosstalk_matrix': array([[ 4.32735059e-01, -5.40088393e-03,  1.18379751e-02,\n",
       "         -1.30356758e-02,  1.70794517e-02, -1.16134676e-02,\n",
       "          1.42571876e-02, -7.39697956e-03,  1.42879201e-02,\n",
       "         -1.11607392e-02,  1.36799108e-02, -9.96121715e-03,\n",
       "          1.28590571e-02, -8.07677013e-03],\n",
       "        [ 9.26696816e-03,  4.04600375e-01,  1.07250246e-02,\n",
       "         -1.34565671e-02,  1.08036184e-02, -1.49819332e-02,\n",
       "          7.77261131e-03, -1.16710663e-02,  1.15869984e-02,\n",
       "         -1.51127151e-02,  1.01097889e-02, -1.11459697e-02,\n",
       "          8.51698182e-03, -1.07189191e-02],\n",
       "        [-5.22251112e-03, -4.11147722e-03,  4.28425324e-01,\n",
       "         -4.41872401e-03,  7.35697961e-03, -2.95241046e-03,\n",
       "          6.69797219e-03, -1.14790345e-03, -4.80932241e-03,\n",
       "         -3.82140229e-03,  8.77726570e-03, -3.03229472e-03,\n",
       "          5.63256858e-03, -1.92674208e-03],\n",
       "        [ 5.35989662e-03,  4.89614502e-03,  3.73967927e-03,\n",
       "          3.89815175e-01,  3.02977065e-03, -6.90014034e-03,\n",
       "          1.44700891e-03, -6.03241719e-03,  4.64773744e-03,\n",
       "          3.24586566e-03,  3.11523963e-03, -9.50059855e-03,\n",
       "          2.16867025e-03, -4.68736874e-03],\n",
       "        [-5.49352001e-03, -3.77786646e-03, -5.15875623e-03,\n",
       "          1.33410235e-03,  4.33019119e-01,  3.29699182e-03,\n",
       "          1.45384475e-03,  3.53349446e-03, -6.10056458e-03,\n",
       "          6.70843245e-04, -8.61327643e-03,  1.75270253e-03,\n",
       "          3.79037386e-03,  2.45246584e-03],\n",
       "        [ 2.98729173e-03,  3.88898096e-03, -1.59231458e-03,\n",
       "          6.18116982e-03, -3.49211807e-03,  3.93699429e-01,\n",
       "         -4.07448233e-03, -2.08385312e-03, -5.79827524e-04,\n",
       "          5.14336926e-03, -2.49647188e-03,  7.52982872e-03,\n",
       "         -3.19929286e-03, -5.52602853e-03],\n",
       "        [-7.44513596e-03, -3.47977830e-03, -1.16193586e-02,\n",
       "          8.78797439e-03, -1.35947531e-02,  1.06504098e-02,\n",
       "          4.25534028e-01,  9.43932187e-03, -1.26446475e-02,\n",
       "          6.45211211e-03, -1.21713119e-02,  7.98810237e-03,\n",
       "         -1.50051134e-02,  8.24373007e-03],\n",
       "        [ 1.31219329e-03,  4.36156102e-03, -8.95836434e-03,\n",
       "          1.69341779e-02, -1.43793035e-02,  1.67495200e-02,\n",
       "         -1.39842579e-02,  4.05734096e-01, -7.44513875e-03,\n",
       "          1.34889983e-02, -1.11458612e-02,  1.38395303e-02,\n",
       "         -1.22639280e-02,  1.63428692e-02],\n",
       "        [ 4.00344897e-03,  3.20234687e-03, -9.70497400e-03,\n",
       "          7.28558915e-03, -1.02006786e-02,  6.06548200e-03,\n",
       "         -8.80705941e-03,  3.50728307e-03,  3.27394399e-01,\n",
       "          5.78567305e-03, -8.24477344e-03,  5.36976322e-03,\n",
       "         -7.85293300e-03,  4.24414977e-03],\n",
       "        [ 1.24908762e-03,  4.69819942e-03,  5.22123036e-03,\n",
       "         -7.67205378e-03,  5.40476745e-03, -8.52762577e-03,\n",
       "          2.83096571e-03, -7.82171571e-03,  6.73582239e-03,\n",
       "          3.24108240e-01,  5.55307768e-03, -5.54433086e-03,\n",
       "          1.96471554e-03, -5.79081652e-03],\n",
       "        [ 4.25683046e-03,  2.79978278e-03,  3.19024382e-03,\n",
       "          5.33766673e-04, -5.44538879e-03, -3.38532300e-04,\n",
       "         -3.25117178e-03, -1.07196326e-03,  3.56468264e-03,\n",
       "          6.71288376e-04,  3.36333767e-01,  1.16088622e-04,\n",
       "         -2.62227123e-03, -4.60567918e-04],\n",
       "        [ 3.04666600e-03,  3.04465264e-03,  9.12561182e-04,\n",
       "          3.03854358e-03,  5.87908790e-06, -5.34625871e-03,\n",
       "         -5.12468704e-04, -3.12596208e-03,  1.62589526e-03,\n",
       "          2.39259853e-03,  4.88983409e-04,  3.05418117e-01,\n",
       "          3.39518989e-04, -2.45673423e-03],\n",
       "        [ 9.88390160e-03,  7.07034560e-03,  1.15196571e-02,\n",
       "          8.35151114e-04,  1.37624341e-02, -7.99105498e-04,\n",
       "          4.03190736e-03, -1.73004153e-03,  1.16575143e-02,\n",
       "         -8.37906811e-04,  1.15534990e-02, -1.83647814e-03,\n",
       "          3.41339450e-01, -2.08600531e-03],\n",
       "        [ 1.65123109e-04,  1.39649388e-03, -5.16099216e-03,\n",
       "          7.65644436e-03, -7.77634855e-03,  7.92195771e-03,\n",
       "         -7.77647849e-03, -1.98196057e-03, -4.39196992e-03,\n",
       "          6.06948306e-03, -6.12518582e-03,  6.81007936e-03,\n",
       "         -6.62311282e-03,  3.36742968e-01]]),\n",
       " 'crosstalk_offset': array([ 0.07532672,  0.07269283,  0.03652984,  0.05466816,  0.02705061,\n",
       "         0.08183902,  0.01808307,  0.04719526, -0.1651734 , -0.19976995,\n",
       "        -0.2343911 , -0.21902371, -0.20155221, -0.06559216]),\n",
       " 'crosstalk_inverse': array([[ 2.30854282e+00,  2.77955825e-02, -6.66406467e-02,\n",
       "          7.81100679e-02, -9.20108429e-02,  7.36009884e-02,\n",
       "         -7.57829993e-02,  4.94638951e-02, -1.04145081e-01,\n",
       "          7.78091380e-02, -9.64026934e-02,  7.79162409e-02,\n",
       "         -8.93826946e-02,  6.08271630e-02],\n",
       "        [-5.49874848e-02,  2.46664523e+00, -6.11490564e-02,\n",
       "          8.05886218e-02, -5.78314841e-02,  9.45523028e-02,\n",
       "         -3.98344605e-02,  7.63329583e-02, -8.63681310e-02,\n",
       "          1.07222280e-01, -7.13037519e-02,  8.70595847e-02,\n",
       "         -5.81384905e-02,  8.03224544e-02],\n",
       "        [ 2.69814404e-02,  2.30497118e-02,  2.33341928e+00,\n",
       "          2.79948128e-02, -4.09695123e-02,  2.05983380e-02,\n",
       "         -3.67982677e-02,  9.69930707e-03,  3.15948588e-02,\n",
       "          2.82946473e-02, -6.28948726e-02,  2.53880295e-02,\n",
       "         -4.05267434e-02,  1.61246868e-02],\n",
       "        [-3.15779003e-02, -3.22681848e-02, -1.96597581e-02,\n",
       "          2.55962550e+00, -1.37327919e-02,  4.13346415e-02,\n",
       "         -4.87607140e-03,  3.72483980e-02, -3.22595774e-02,\n",
       "         -3.11208954e-02, -1.92821050e-02,  7.39147918e-02,\n",
       "         -1.24212002e-02,  3.31295570e-02],\n",
       "        [ 2.90067958e-02,  2.24847687e-02,  2.68677630e-02,\n",
       "         -4.97100559e-03,  2.30848943e+00, -1.69458323e-02,\n",
       "         -9.20398928e-03, -1.93067432e-02,  4.08462064e-02,\n",
       "         -1.66763498e-03,  5.72342556e-02, -1.04355410e-02,\n",
       "         -2.78515755e-02, -1.51461571e-02],\n",
       "        [-1.59262837e-02, -2.34041418e-02,  1.24315865e-02,\n",
       "         -4.37746686e-02,  2.37141356e-02,  2.53399327e+00,\n",
       "          2.63952058e-02,  9.55442572e-03,  8.97593871e-03,\n",
       "         -4.25762626e-02,  2.28744293e-02, -6.79538164e-02,\n",
       "          2.76701703e-02,  3.74972880e-02],\n",
       "        [ 3.93753431e-02,  2.18588197e-02,  6.04249814e-02,\n",
       "         -4.80843868e-02,  6.78404011e-02, -6.15713024e-02,\n",
       "          2.34541905e+00, -5.62610836e-02,  8.55049611e-02,\n",
       "         -3.99038946e-02,  7.93199570e-02, -5.68871035e-02,\n",
       "          9.88009934e-02, -5.63334385e-02],\n",
       "        [-4.13064544e-03, -2.23498754e-02,  5.38939045e-02,\n",
       "         -1.07262091e-01,  8.22215593e-02, -1.11553855e-01,\n",
       "          7.86385679e-02,  2.45605188e+00,  6.02694919e-02,\n",
       "         -9.94293702e-02,  8.37850773e-02, -1.14316662e-01,\n",
       "          9.04760502e-02, -1.28175697e-01],\n",
       "        [-2.56722018e-02, -2.17030208e-02,  7.04824364e-02,\n",
       "         -5.74542936e-02,  7.18534352e-02, -5.09354198e-02,\n",
       "          6.12830367e-02, -3.16514287e-02,  3.05848538e+00,\n",
       "         -5.30997209e-02,  7.57256769e-02, -5.54339933e-02,\n",
       "          7.14772038e-02, -4.23452715e-02],\n",
       "        [-9.57365614e-03, -3.81647372e-02, -3.62826161e-02,\n",
       "          5.52074887e-02, -3.55140396e-02,  6.43483904e-02,\n",
       "         -1.68328166e-02,  6.08250619e-02, -6.12302614e-02,\n",
       "          3.07895767e+00, -4.80213759e-02,  5.16981926e-02,\n",
       "         -1.45416906e-02,  5.18317155e-02],\n",
       "        [-2.83643008e-02, -2.06799650e-02, -2.07796275e-02,\n",
       "         -6.56404367e-03,  3.90427848e-02, -3.18394380e-04,\n",
       "          2.37078122e-02,  5.87917832e-03, -2.95470031e-02,\n",
       "         -8.48865031e-03,  2.97625768e+00, -3.84653954e-03,\n",
       "          2.50568233e-02,  1.72011119e-03],\n",
       "        [-2.21664555e-02, -2.47766490e-02, -4.29450892e-03,\n",
       "         -2.96678941e-02,  3.45840468e-03,  4.01975705e-02,\n",
       "          6.74763745e-03,  2.33054828e-02, -1.22495060e-02,\n",
       "         -2.77250178e-02, -7.81006387e-04,  3.26860699e+00,\n",
       "          2.15050180e-04,  2.11045889e-02],\n",
       "        [-6.65360184e-02, -5.27656138e-02, -7.85816022e-02,\n",
       "         -9.22508539e-03, -9.16331940e-02,  3.61442661e-03,\n",
       "         -2.51670559e-02,  1.16982778e-02, -1.01918244e-01,\n",
       "          3.75218697e-03, -9.94272352e-02,  1.45662516e-02,\n",
       "          2.93235251e+00,  1.64057864e-02],\n",
       "        [ 6.18481054e-04, -8.22102010e-03,  3.82728880e-02,\n",
       "         -6.04130288e-02,  5.51867681e-02, -6.57066707e-02,\n",
       "          5.44443213e-02,  9.80317384e-03,  4.33880044e-02,\n",
       "         -5.55930383e-02,  5.69759780e-02, -6.98601735e-02,\n",
       "          6.07859835e-02,  2.96390837e+00]])}"
      ]
     },
     "execution_count": 16,
     "metadata": {},
     "output_type": "execute_result"
    }
   ],
   "source": [
    "dictionary_everything"
   ]
  },
  {
   "cell_type": "code",
   "execution_count": 21,
   "id": "c0e1156a-baa6-4274-8c11-93613a39bebe",
   "metadata": {},
   "outputs": [],
   "source": [
    "# for Q in All_transmons:\n",
    "#     dictionary_everything[Q.name] = Q.transmon_popt\n",
    "\n",
    "dictionary_everything['crosstalk_matrix'] = crosstalk_matrix\n",
    "dictionary_everything['crosstalk_offset'] = crosstalk_offset\n",
    "dictionary_everything['crosstalk_inverse'] = crosstalk_inverse"
   ]
  },
  {
   "cell_type": "code",
   "execution_count": 22,
   "id": "37f3bab6-77e6-4995-b913-1fd7bb0c6cf3",
   "metadata": {},
   "outputs": [
    {
     "name": "stdout",
     "output_type": "stream",
     "text": [
      "Z:\\QSimMeasurements\\Measurements\\\\8QV1_Triangle_Lattice\\\\qubit_parameters\\\\Dictionary_File\\\\20250623_103107_8Q_Parameters.pkl\n",
      "New File!!!!\n",
      "Z:\\QSimMeasurements\\Measurements\\\\8QV1_Triangle_Lattice\\\\qubit_parameters\\\\Dictionary_File\\\\20250708_092050_8Q_Parameters.pkl\n"
     ]
    }
   ],
   "source": [
    "print(directory + file_name)\n",
    "total_path = directory + file_name_('8Q_Parameters')\n",
    "\n",
    "print('New File!!!!')\n",
    "print(total_path)\n",
    "save_info(dictionary_everything, total_path)"
   ]
  },
  {
   "cell_type": "code",
   "execution_count": 6,
   "id": "4acfb71a-e87a-47bc-b396-6a522e0a2d12",
   "metadata": {},
   "outputs": [
    {
     "data": {
